 weight: 0  =  -0.5228698042825226
 weight: 1  =  -0.05073078692658155
MSE =   45.81534918214729