 weight: 0  =  0.42467507227200674
 weight: 1  =  -8.855694357081493e-06
MSE =   0.6779281882992155