 weight: 0  =  1.4013363134480201
 weight: 1  =  -0.04270375004572595
MSE =   14.764918667054374