 weight: 0  =  0.399978164217096
 weight: 1  =  0.00010100606844686755
 weight: 2  =  -0.0010077345385022902
MSE =   21.16465681417074