 weight: 0  =  0.3999999740946111
 weight: 1  =  9.999999781153792e-05
 weight: 2  =  -0.0009999999997332863
MSE =   0.6669327389536253