 weight: 0  =  0.39996220805875693
 weight: 1  =  9.8071364646569e-05
 weight: 2  =  -0.0010016110367998413
MSE =   52.05367875951819