 weight: 0  =  0.10162397177476404
 weight: 1  =  0.0010901519343692817
 weight: 2  =  0.0010679997822752767
 weight: 3  =  0.0011693258042123353
 weight: 4  =  0.0010226008286185412
MSE =   49.783979721587585