 weight: 0  =  0.100002460767215
 weight: 1  =  0.0010000038894007373
 weight: 2  =  0.0010000003821053717
 weight: 3  =  0.0010000000124347147
 weight: 4  =  0.0010000000006407635
MSE =   0.6347729793682655