 weight: 0  =  0.10153932122402834
 weight: 1  =  0.0009345520823630293
 weight: 2  =  0.0015458008225348206
 weight: 3  =  0.0008576368992334648
 weight: 4  =  0.0037540609859864375
MSE =   23.260486808006803